blue_jays <- structure(list(BirdID = structure(1:123, levels = c("0000-00000", 
"1142-05901", "1142-05905", "1142-05907", "1142-05909", "1142-05911", 
"1142-05912", "1142-05914", "1142-05917", "1142-05920", "1142-05930", 
"1142-05941", "1142-05957", "1142-05971", "1142-05981", "1142-05986", 
"1142-05990", "1142-05991", "1142-05995", "1142-05996", "1142-05997", 
"1142-05998", "1142-05999", "702-90556", "702-90560", "702-90567", 
"702-90576", "702-90577", "702-90578", "702-90583", "872-94671", 
"872-94673", "872-94684", "872-94688", "872-94689", "872-94692", 
"872-94694", "872-94698", "872-94709", "872-94716", "872-94731", 
"872-94737", "872-94757", "872-94761", "872-94766", "872-94769", 
"872-94771", "872-94776", "872-94777", "872-94779", "872-94780", 
"952-00002", "952-00004", "952-00006", "952-00007", "952-00012", 
"952-00013", "952-00016", "952-00020", "952-00023", "952-00026", 
"952-00056", "952-00057", "952-00058", "952-00059", "952-00062", 
"952-00063", "952-00064", "952-00065", "952-00066", "952-00068", 
"952-00069", "952-00070", "952-00071", "952-00072", "952-00073", 
"952-00074", "952-00076", "952-00077", "952-00078", "952-00079", 
"952-00080", "952-00081", "952-00084", "962-62003", "962-62006", 
"962-62007", "962-62008", "962-62019", "962-62021", "962-62024", 
"962-62025", "962-62026", "962-62027", "962-62030", "962-62031", 
"962-62038", "962-62040", "962-62041", "962-62043", "962-62045", 
"962-62046", "962-62063", "962-62067", "962-62068", "962-62069", 
"962-62070", "962-62081", "962-62088", "962-62089", "962-62090", 
"962-62099", "962-62104", "962-62115", "962-62117", "962-62123", 
"962-62127", "962-62138", "962-62176", "962-62181", "962-62184", 
"962-62185", "962-62200"), class = "factor"), KnownSex = structure(c(2L, 
2L, 2L, 1L, 2L, 1L, 2L, 2L, 1L, 1L, 2L, 1L, 2L, 1L, 2L, 1L, 1L, 
2L, 2L, 2L, 2L, 2L, 2L, 1L, 2L, 1L, 1L, 1L, 2L, 1L, 1L, 2L, 1L, 
1L, 2L, 2L, 2L, 2L, 1L, 1L, 2L, 1L, 2L, 2L, 1L, 2L, 2L, 1L, 2L, 
1L, 1L, 1L, 2L, 1L, 1L, 1L, 2L, 2L, 2L, 2L, 2L, 2L, 1L, 1L, 2L, 
1L, 2L, 2L, 2L, 1L, 2L, 1L, 2L, 2L, 1L, 1L, 2L, 2L, 1L, 2L, 2L, 
2L, 1L, 1L, 2L, 2L, 1L, 1L, 2L, 1L, 2L, 2L, 1L, 2L, 1L, 1L, 2L, 
2L, 1L, 1L, 1L, 1L, 2L, 1L, 1L, 2L, 1L, 2L, 1L, 1L, 1L, 1L, 1L, 
1L, 2L, 2L, 2L, 1L, 2L, 2L, 1L, 1L, 1L), levels = c("F", "M"), class = "factor"), 
    BillDepth = c(8.26, 8.54, 8.39, 7.78, 8.71, 7.28, 8.74, 8.72, 
    8.2, 7.67, 8.78, 8.15, 8.62, 7.65, 7.96, 8.17, 8.13, 8.19, 
    8.49, 8.35, 8.53, 8.07, 8.23, 7.86, 8.42, 8.48, 8.22, 8.18, 
    8.23, 8.44, 7.21, 8.88, 8.58, 8.36, 8.2, 8.42, 8.6, 7.96, 
    7.58, 8.05, 8.34, 7.69, 8.88, 8.55, 8.42, 8.54, 8.54, 7.57, 
    8.4, 8.11, 8.19, 8.46, 8.58, 7.8, 8.1, 8.7, 8.82, 8.39, 7.89, 
    7.93, 8.86, 9, 8, 8.2, 8.7, 7.8, 8.2, 8.2, 8.6, 7.3, 8.4, 
    8, 8.3, 8.6, 8.3, 8.2, 8.5, 8.2, 8.3, 8.8, 8.2, 8.8, 7.6, 
    8.8, 8.56, 8.92, 7.74, 7.91, 8.72, 7.55, 8.43, 8.2, 7.62, 
    8.51, 8.21, 7.86, 8.58, 8.59, 7.72, 7.58, 8.4, 7.9, 8.12, 
    7.92, 7.96, 8.1, 7.5, 8.15, 7.71, 8.05, 8.57, 8.69, 8.02, 
    8.57, 8.33, 8.43, 8.2, 8.3, 8.7, 7.96, 7.9, 7.63, 7.9), BillWidth = c(9.21, 
    8.76, 8.78, 9.3, 9.84, 9.3, 9.28, 9.94, 9.01, 9.31, 8.83, 
    8.67, 9.28, 9.11, 9.31, 8.49, 8.88, 9.98, 8.81, 9.57, 9.71, 
    8.38, 10.31, 9.21, 9.3, 9.64, 9.09, 9.44, 9.67, 9.19, 8.21, 
    9.58, 10.63, 9.63, 8.68, 10.24, 8.4, 8.62, 10, 9.35, 8.62, 
    9.01, 9.22, 9.03, 9.49, 8.96, 9.4, 9.32, 8.2, 8.37, 9.38, 
    9.69, 9.63, 8.74, 8.44, 8.91, 8.6, 9.12, 9.07, 8.72, 10.02, 
    9.4, 8.9, 9, 9.8, 8, 9.9, 9.5, 9.6, 9.9, 9.4, 9.3, 9.2, 9.8, 
    9, 9.7, 9.6, 9.3, 8.2, 9.7, 8.1, 9.8, 8.3, 9.7, 9.2, 9.22, 
    9.27, 9.38, 9.25, 8.62, 9.27, 9.28, 9.88, 9.64, 9.21, 9.39, 
    9.73, 9.97, 8.97, 9.04, 8.4, 8.48, 9.67, 9.16, 9.09, 9.1, 
    9.57, 9.72, 8.58, 9.25, 8.97, 9.43, 8.62, 10.82, 9.27, 9.23, 
    9.06, 9.28, 9.12, 9.8, 9.3, 8.56, 8), BillLength = c(25.92, 
    24.99, 26.07, 23.48, 25.47, 22.25, 25.35, 30, 22.78, 24.61, 
    25.72, 24.66, 24.5, 23.93, 25.62, 23.15, 25, 25.4, 25.93, 
    24.4, 26.3, 23.62, 26.66, 23.87, 24.98, 25.4, 23, 23.44, 
    24.86, 26.14, 23.13, 26.19, 24.75, 24.92, 24.24, 25.4, 25.5, 
    24.55, 23.42, 24.46, 23.92, 23.31, 25.68, 26.55, 26.3, 25.73, 
    24.29, 23.48, 25.7, 24.07, 24.93, 25.3, 26.12, 23.89, 23.75, 
    25.46, 25.46, 26.58, 26.12, 24.93, 25.04, 25.5, 23.6, 25, 
    25.6, 23.1, 24.4, 24, 23.7, 22.4, 25, 23.4, 24.3, 26, 25.7, 
    24.6, 25.5, 24.9, 23.7, 25.3, 25.9, 27.3, 24.8, 25.5, 26.62, 
    24.78, 25.05, 25.73, 24.3, 23.55, 26.32, 26.27, 25.71, 25.91, 
    23.6, 23.36, 27.04, 25.88, 22.88, 24.02, 23.9, 22.78, 24.9, 
    23.92, 24.33, 25.9, 24.6, 26.05, 25.06, 25.2, 25.15, 24.94, 
    24.09, 23.68, 25.78, 25.28, 24.22, 23.92, 24.62, 25.07, 23.6, 
    24.29, 23), Head = c(56.58, 56.36, 57.32, 53.77, 57.32, 52.25, 
    57.12, 60.67, 52.83, 54.94, 56.54, 54.69, 56.48, 55.75, 57.34, 
    53.05, 54.81, 58.7, 57.07, 55.79, 58.31, 54.51, 58.21, 54.09, 
    56.8, 56.82, 55.39, 54.21, 56.88, 56.37, 53.7, 55.96, 55.83, 
    55.47, 55.96, 56.59, 57.5, 56.01, 54.49, 56.04, 53.74, 54.13, 
    56.8, 57.86, 56.5, 56.82, 56.35, 54.31, 56.4, 53.04, 55.58, 
    56.84, 57, 53.74, 55.74, 55.37, 56.86, 57.64, 57.86, 55.02, 
    57.3, 56.9, 52.8, 54.2, 57.3, 53.9, 56.7, 56.3, 55.5, 53.9, 
    56.1, 54, 54.9, 59.2, 55, 54.4, 56.7, 55.5, 53.6, 56.6, 57.5, 
    56.2, 56.2, 56.7, 56.48, 56.45, 55.76, 55.7, 54.76, 52.74, 
    56.44, 58.5, 55.97, 55.64, 53.88, 54.04, 57.56, 56, 53.03, 
    55.65, 54.7, 51.6, 55.91, 54.69, 54.58, 57.1, 53.8, 56.85, 
    54.15, 56.25, 54.8, 56.09, 55.82, 53.95, 56.71, 57.25, 54.58, 
    56.28, 56.61, 55.68, 53.9, 54.19, 52.7), Mass = c(73.3, 75.1, 
    70.25, 65.5, 74.9, 63.9, 75.1, 78.1, 64, 67.33, 76.4, 71.5, 
    78.2, 73.4, 77, 65, 75.2, 75.7, 78.4, 70.6, 74.7, 70, 75.4, 
    75.2, 74.5, 62.2, 72.3, 74, 73.73, 73.97, 66.8, 75.18, 78.3, 
    70.6, 72.1, 70.2, 74, 69.67, 69.4, 77.6, 60.17, 70.5, 67.5, 
    75.95, 79.5, 77.5, 79.2, 65.3, 69, 65.6, 67.83, 75.7, 72.6, 
    58.8, 70.9, 66.3, 73.9, 71.35, 73.9, 67.2, 73, 74, 63.7, 
    72.8, 76.3, 66, 74, 76.3, 71.3, 65, 73.8, 69, 72.1, 80.9, 
    68.5, 70, 75.9, 70, 69, 75.8, 69.7, 65.5, 67.9, 81.5, 74, 
    71.5, 66.1, 69.8, 68.5, 70, 66.75, 76.5, 69.3, 67.8, 75.5, 
    73.25, 71.9, 79.55, 66.75, 73.2, 72.35, 64, 73.5, 68.9, 73.8, 
    77.4, 61.4, 73.4, 61.2, 69.65, 77, 72.2, 76.55, 68.25, 71.5, 
    77.53, 68.95, 78.8, 77, 68, 63.9, 70.45, 66), Skull = c(30.66, 
    31.38, 31.25, 30.29, 31.85, 30, 31.77, 30.67, 30.05, 30.33, 
    30.82, 30.03, 31.98, 31.83, 31.73, 29.9, 29.81, 33.3, 31.15, 
    31.39, 32, 30.89, 31.55, 30.22, 31.83, 31.42, 32.39, 30.77, 
    32.02, 30.24, 30.57, 29.77, 31.08, 30.55, 31.72, 31.19, 32, 
    31.46, 31.07, 31.58, 29.82, 30.82, 31.12, 31.31, 30.2, 31.09, 
    32.06, 30.83, 30.7, 28.97, 30.64, 31.54, 30.88, 29.85, 32, 
    29.91, 31.4, 31.06, 31.74, 30.09, 32.26, 31.4, 29.2, 29.2, 
    31.7, 30.8, 32.3, 32.3, 31.8, 31.5, 31.1, 30.6, 30.6, 33.2, 
    29.3, 29.8, 31.2, 30.6, 29.9, 31.3, 31.6, 28.9, 31.4, 31.2, 
    29.86, 31.67, 30.71, 29.97, 30.46, 29.19, 30.12, 32.23, 30.26, 
    29.73, 30.28, 30.69, 30.52, 30.12, 30.15, 31.63, 30.8, 28.82, 
    31.01, 30.77, 30.25, 31.2, 29.2, 30.8, 29.09, 31.05, 29.64, 
    31.15, 31.73, 30.27, 30.93, 31.97, 30.36, 32.36, 31.99, 30.61, 
    30.3, 29.9, 29.7), Sex = c(1L, 1L, 1L, 0L, 1L, 0L, 1L, 1L, 
    0L, 0L, 1L, 0L, 1L, 0L, 1L, 0L, 0L, 1L, 1L, 1L, 1L, 1L, 1L, 
    0L, 1L, 0L, 0L, 0L, 1L, 0L, 0L, 1L, 0L, 0L, 1L, 1L, 1L, 1L, 
    0L, 0L, 1L, 0L, 1L, 1L, 0L, 1L, 1L, 0L, 1L, 0L, 0L, 0L, 1L, 
    0L, 0L, 0L, 1L, 1L, 1L, 1L, 1L, 1L, 0L, 0L, 1L, 0L, 1L, 1L, 
    1L, 0L, 1L, 0L, 1L, 1L, 0L, 0L, 1L, 1L, 0L, 1L, 1L, 1L, 0L, 
    0L, 1L, 1L, 0L, 0L, 1L, 0L, 1L, 1L, 0L, 1L, 0L, 0L, 1L, 1L, 
    0L, 0L, 0L, 0L, 1L, 0L, 0L, 1L, 0L, 1L, 0L, 0L, 0L, 0L, 0L, 
    0L, 1L, 1L, 1L, 0L, 1L, 1L, 0L, 0L, 0L)), class = "data.frame", row.names = c(NA, 
-123L))